1
2
13
14
15
16
17
18
19
20
21
22
23
24
25
26
27
28
29
30
31
32
33
34
35
36
37
38
39
40
41
42
43
44
45
46
48
49
53
54
55
56
59
64
66
67
68
70
71
72
73
76
79
80
82
83
84
85
86
87
88
89
90
91
92
93
94
95
96
97
98
99
100
104
105
106
107
108
109
110
111
112
113
114
115
116
117
118
120
121
122
123
124
125
126
127
128
129
130
131
132
133
136
137
138
139
141
142
143
144
145
146
147
148
150
151
152
153
155
156
157
158
162
163
164
165
166
168
169
171
174
178
179
180
181
182
183
185
189
190
193
196
197
198
200
201
203
206
207
208
209
211
212
213
214
215
216
217
218
219
221
222
223
224
225
226
227
228
229
231
232
233
234
235
237
238
241
242
243
244
245
246
247
248
249
250
251
252
253
254
255
257
259
260
263
265
267
276
278
279
284
287
290
293
295
296
299
300
302
305
306
310
311
312
313
316
317
318
320
321
325
326
327
328
329
331
332
333
334
335
336
337
339
340
341
343
344
345
352
353
360
362
368
377
379
383
384
385
386
390
392
395
396
399
400
401
407
408
410
411
412
413
414
415
416
417
418
419
421
422
424
425
426
427
429
431
432
434
435
436
438
439
441
443
444
451
455
482
490
491
492
493
494
495
497
498
500
501
502
503
504
505
506
508
516
523
525
526
528
530
533
535
559
570
571
573
574
575
576
577
578
579
580
581
582
583
584
585
586
588
589
591
592
593
594
596
598
599
600
601
602
603
604
606
607
609
610
611
618
620
623
627
628
629
630
631
632
634
635
636
637
638
639
640
641
643
645
650
654
661
663
666
668
671
672
675
678
680
681
683
684
685
691
692
693
694
696
699
700
701
704
705
706
707
709
710
711
712
713
715
716
723
724
725
726
727
728
729
730
732
735
736
737
738
739
740
741
743
744
745
746
747
748
749
750
751
753
754
755
756
757
758
759
760
761
762
763
764
765
766
767
768
769
770
772
779
780
786
794
805
806
808
824
828
831
833
834
835
836
837
838
839
840
842
843
844
845
847
848
849
850
852
862
863
864
865
867
870
878
880
889
892
895
896
897
898
899
900
901
902
903
904
905
906
907
923
924
929
930
933
934
935
939
942
943
944
946
947
951
952
956
957
962
969
970
971
972
973
974
975
986
987
988
989
990
991
992
993
994
995
997
998
999
1000
1001
1002
1003
1004
1005
1006
1007
1009
1010
1011
1012
1013
1014
1015
1016
1017
1019
1020
1021
1022
1023
1024
1025
1026
1028
1032
1033
1034
1037
1038
1039
1042
1043
1044
1045
1047
1048
1049
1051
1055
1057
1059
1061
1069
1077
1083
1084
1086
1087
1094
1095
1096
1097
1098
1099
1100
1102
1103
1104
1105
1107
1108
1109
1110
1111
1112
1113
1114
1115
1116
1117
1118
1119
1120
1121
1122
1123
1124
1125
1126
1127
1128
1129
1130
1134
1137
1140
1145
1147
1154
1160
1161
1162
1163
1164
1165
1166
1167
1169
1171
1177
1184
1185
1186
1187
1188
1189
1190
1191
1192
1193
1194
1195
1196
1197
1198
1199
1200
1201
1202
1203
1204
1205
1206
1207
1208
1209
1210
1211
1212
1213
1214
1215
1216
1217
1218
1219
1220
1221
1222
1223
1224
1225
1226
1227
1228
1229
1230
1231
1232
1233
1235
1236
1237
1238
1240
1241
1242
1243
1245
1246
1248
1249
1251
1252
1253
1272
1284
1285
1286
1287
1288
1289
1290
1291
1292
1293
1294
1295
1296
1297
1298
1299
1300
1302
1304
1306
1307
1309
1310
1311
1312
1313
1315
1316
1317
1319
1320
1325
1326
1336
1337
1338
1339
1341
1342
1343
1344
1345
1346
1348
1349
1350
1354
1355
1356
1357
1358
1359
1366
1377
1387
1396
1402
1408
1412
1417
1439
1444
1454
1455
1456
1458
1459
1460
1461
1462
1463
1464
1465
1469
1470
1471
1474
1475
1494
1495
1496
1497
1498
1499
1500
1501
1503
1504
1505
1511
1522
1526
1530
1532
1540
1545
1547
1548
1549
1550
1552
1553
1554
1555
1556
1557
1558
1562
1573
1578
1582
1588
1592
1594
1596
1597
1598
1599
1601
1602
1603
1604
1605
1606
1607
1608
1609
1610
1611
1631
1636
1637
1638
1639
1644
1650
1651
1652
1653
1657
1658
1661
1662
1663
1664
1665
1666
1667
1668
1669
1670
1671
1672
1673
1674
1675
1676
1677
1678
1680
1681
1682
1683
1687
1688
1689
1690
1691
1693
1695
1697
1698
1708
1709
1711
1712
1713
1716
1717
1718
1719
1720
1722
1724
1725
1726
1728
1730
1731
1732
1733
1734
1735
1736
1737
1738
1743
1744
1746
1750
1751
1753
1759
1761
1763
1764
1765
1774
1775
1778
1779
1783
1786
1787
1789
1790
1791
1795
1800
1802
1805
1806
1807
1808
1809
1810
1811
1812
1813
1814
1815
1816
1817
1818
1819
1820
1821
1822
1823
1824
1825
1826
1827
1829
1830
1836
1839
1840
1842
1843
1844
1847
1849
1850
1856
1876
1877
1878
1879
1880
1881
1882
1884
1907
1918
1919
1923
1933
1935
1936
1937
1938
1939
1940
1941
1942
1943
1944
1945
1946
1949
1950
1951
1952
1953
1954
1955
1956
1958
1959
1960
1961
1962
1969
1975
1976
1977
1991
1996
2003
2020
2021
2038
2039
2040
2041
2042
2043
2044
2045
2046
2047
2048
2049
2050
2051
2052
2053
2054
2056
2057
2058
2059
2060
2061
2062
2063
2064
2065
2066
2067
2068
2069
2070
2071
2072
2073
2074
2076
2080
2087
2088
2096
2097
2099
2106
2107
2108
2109
2110
2116
2127
2128
2129
2143
2144
2145
2146
2147
2148
2149
2150
2151
2152
2153
2154
2156
2157
2158
2160
2165
2168
2170
2171
2186
2187
2188
2192
2201
2202
2203
2212
2214
2215
2218
2219
2220
2221
2222
2224
2225
2226
2227
2228
2229
2230
2231
2232
2246
2247
2256
2258
2259
2260
2281
2282
2294
2295
2296
2297
2298
2299
2300
2301
2302
2303
2304
2305
2306
2307
2309
2311
2313
2314
2319
2320
2321
2322
2332
2339
2341
2348
2349
2374
2383
2384
2385
2386
2387
2388
2389
2390
2391
2392
2393
2394
2395
2396
2397
2398
2399
2400
2401
2402
2403
2404
2405
2406
2407
2408
2409
2410
2411
2412
2413
2415
2417
2418
2420
2422
2423
2424
2426
2427
2428
2430
2431
2441
2442
2443
2444
2445
2446
2447
2448
2449
2450
2452
2453
2454
2455
2456
2457
2458
2459
2460
2461
2462
2463
2464
2465
2466
2467
2468
2469
2471
2481
2483
2484
2489
2490
2493
2498
2500
2502
2522
2523
2542
2543
2544
2545
2546
2547
2548
2549
2550
2551
2552
2553
2554
2558
2560
2561
2562
2563
2565
2566
2567
2573
2574
2576
2577
2581
2582
2583
2584
2586
2587
2588
2589
2591
2592
2594
2595
2596
2597
2598
2599
2600
2601
2602
2603
2604
2605
2606
2607
2608
2613
2621
2623
2624
2627
2628
2632
2634
2635
2636
2643
2644
2645
2647
2650
2652
2655
2656
2658
2661
2662
2663
2664
2665
2666
2667
2670
2677
2680
2681
2689
2695
2696
2697
2702
2704
2707
2708
2710
2711
2712
2714
2715
2716
2717
2718
2719
2720
2721
2723
2738
2742
2765
2777
2778
2784
2788
2794
2795
2796
2797
2798
2799
2805
2806
2807
2808
2809
2810
2811
2812
2813
2814
2815
2816
2817
2818
2831
2834
2842
2844
2867
2877
2880
2881
2886
2893
2896
2898
2899
2900
2909
2910
2911
2912
2914
2915
2916
2917
2918
2919
2920
2921
2922
2924
2925
2926
2927
2941
2942
2962
2968
2973
2988
2989
2990
2991
2992
2994
2995
2996
2998
2999
3000
3001
3003
3004
3010
3012
3022
3024
3025
3045
3052
3053
3054
3055
3056
3057
3058
3059
3060
3062
3063
3065
3067
3068
3077
3084
3088
3090
3096
3097
3098
3099
3100
3117
3127
3128
3129
3130
3131
3132
3133
3134
3135
3136
3139
3141
3143
3150
3157
3158
3162
3163
3165
3175
3176
3177
3178
3179
3180
3181
3182
3185
3187
3188
3189
3208
3218
3220
3221
3227
3233
3245
3248
3255
3256
3257
3258
3259
3260
3261
3262
3264
3265
3266
3267
3268
3270
3271
3272
3273
3274
3275
3276
3286
3287
3291
3292
3300
3301
3303
3304
3305
3307
3312
3313
3314
3319
3322
3323
3324
3325
3333
3341
3342
3343
3344
3345
3346
3349
3350
3351
3352
3353
3354
3355
3356
3357
3358
3359
3360
3362
3363
3364
3365
3366
3367
3368
3369
3373
3374
3375
3376
3377
3378
3379
3384
3385
3386
3387
3389
3390
3394
3409
3410
3419
3422
3428
3437
3438
3440
3441
3444
3445
3446
3448
3452
3455
3459
3460
3461
3462
3463
3464
3465
3466
3467
3468
3469
3470
3471
3485
3487
3491
3492
3504
3508
3513
3514
3515
3519
3522
3523
3524
3525
3526
3527
3529
3530
3531
3532
3533
3534
3535
3536
3544
3545
3555
3556
3557
3581
3589
3603
3614
3615
3616
3617
3618
3619
3620
3622
3624
3625
3626
3627
3628
3629
3630
3639
3644
3647
3648
3649
3659
3660
3667
3668
3669
3672
3676
3677
3679
3680
3681
3682
3685
3694
3697
3698
3700
3701
3702
3703
3704
3705
3706
3707
3708
3720
3723
3724
3725
3726
3727
3728
3729
3730
3731
3732
3733
3734
3735
3736
3737
3743
3748
3775
3776
3788
3789
3790
3791
3792
3793
3794
3795
3796
3797
3806
3812
3817
3818
3821
3822
3823
3824
3825
3826
3827
3835
3836
3837
3839
3840
3841
3842
3843
3845
3846
3848
3850
3852
3855
3856
3857
3858
3859
3860
3861
3862
3863
3864
3865
3866
3867
3869
3870
3899
3904
3919
3928
3931
3939
3940
3941
3943
3944
3947
3949
3950
3951
3953
3955
3956
3957
3958
3959
3960
3961
3962
3963
3966
3968
3969
3970
3971
3972
3973
3974
3975
3976
3978
3979
3980
3981
3982
3983
3984
3985
3986
3990
3991
3992
3993
3994
3995
4002
4004
4005
4006
4007
4008
4009
4010
4011
4012
4013
4014
4020
4022
4023
4025
4026
4027
4028
4029
4044
4046
